dBeacon   dGTOD   dPcap   dBeacon-dGTOD  dBeacon-dPcap dGTOD-dPcap
204800   199836   204802   4964             -2      -4966
102400   109995   102390  -7595             10       7605
102400   100577   102402   1823             -2      -1825
102400    99890   102440   2510            -40      -2550
102400    99538   102374   2862             26      -2836
102399   110039   102427  -7640            -28       7612
204801   199957   204760   4844             41      -4803
102400    99981   102417   2419            -17      -2436
102400   110046   102409  -7646             -9       7637
102400    99998   102376   2402             24      -2378
102400   100009   102397   2391              3      -2388
102400   100006   102401   2394             -1      -2395
204800   209961   204798  -5161              2       5163
204800   200001   204798   4799              2      -4797
204800   210002   204823  -5202            -23       5179
102400   100078   102380   2322             20      -2302
102400    99919   102406   2481             -6      -2487
102415   110054   102421  -7639             -6       7633
102385    99948   102379   2437              6      -2431
102400   100033   102427   2367            -27      -2394
204800   200045   204802   4755             -2      -4757
102400   110047   102373  -7647             27       7674
102400    99918   102427   2482            -27      -2509
204800   199956   204779   4844             21      -4823
204800   210031   204796  -5231              4       5235
102400   103863   102406  -1463             -6       1457
102690    96077   102704   6613            -14      -6627
204510   210036   204492  -5526             18       5544
102400    99996   102402   2404             -2      -2406
102400    99994   102391   2406              9      -2397
102400   109966   102416  -7566            -16       7550
102509   100023   102508   2486              1      -2485
102291   100003   102286   2288              5      -2283
102400    99997   102396   2403              4      -2399
102400   110010   102413  -7610            -13       7597
102400    99988   102386   2412             14      -2398
409683   410017   409724   -334            -41        293
102317   100073   102298   2244             19      -2225
102400    99933   102391   2467              9      -2458
102400    99999   102400   2401                     -2401
102400   109994   102394  -7594              6       7600
307211   299997   307213   7214             -2      -7216
102389   110001   102389  -7612                      7612
102400    99971   102412   2429            -12      -2441
204800   200030   204795   4770              5      -4765
102439   110040   102458  -7601            -19       7582
102361   100003   102377   2358            -16      -2374
102400    99965   102391   2435              9      -2426
102400   100007   102379   2393             21      -2372
102400   110056   102387  -7656             13       7669
102400   102126   102417    274            -17       -291
102400    97830   102396   4570              4      -4566
204800   209990   204848  -5190            -48       5142
307200   300020   307178   7180             22      -7158
102400   109998   102422  -7598            -22       7576
102400    99991   102355   2409             45      -2364
102400    99985   102402   2415             -2      -2417
102400    99987   102393   2413              7      -2406
102400   100006   102409   2394             -9      -2403
204800   210058   204814  -5258            -14       5244
307200   309965   307189  -2765             11       2776
102400    99981   102415   2419            -15      -2434
102451   102092   102434    359             17       -342
102349    97881   102352   4468             -3      -4471
102400   110013   102385  -7613             15       7628
102400   100037   102407   2363             -7      -2370
102400    99960   102416   2440            -16      -2456
102400   100042   102402   2358             -2      -2360
102402   109998   102418  -7596            -16       7580
102398    99975   102377   2423             21      -2402
102400    99995   102390   2405             10      -2395
204800   210019   204814  -5219            -14       5205
102400    99974   102385   2426             15      -2411
102400   100064   102395   2336              5      -2331
204800   209974   204841  -5174            -41       5133
102400    99992   102384   2408             16      -2392
102400   100003   102423   2397            -23      -2420
102406   100264   102391   2142             15      -2127
102394    99786   102387   2608              7      -2601
102400   109994   102392  -7594              8       7602
102400   100072   102405   2328             -5      -2333
102400   100091   102415   2309            -15      -2324
102400    99768   102374   2632             26      -2606
102400   110028   102413  -7628            -13       7615
102400    99970   102383   2430             17      -2413
102400   100458   102424   1942            -24      -1966
102400    99529   102387   2871             13      -2858
102400   110031   102434  -7631            -34       7597
204800   199980   204768   4820             32      -4788
102400   100102   102401   2298             -1      -2299
102400   109928   102388  -7528             12       7540
102400    99963   102402   2437             -2      -2439
102400    99995   102442   2405            -42      -2447
102400   100007   102363   2393             37      -2356
102400   110028   102406  -7628             -6       7622
102400   100026   102397   2374              3      -2371
102400    99998   102407   2402             -7      -2409
102400    99990   102398   2410              2      -2408
102400   109991   102448  -7591            -48       7543
102400    99976   102350   2424             50      -2374
102400   100034   102419   2366            -19      -2385
204800   200022   204789   4778             11      -4767
102400   109967   102401  -7567             -1       7566
102400    99968   102392   2432              8      -2424
307200   310001   307190  -2801             10       2811
204800   200039   204806   4761             -6      -4767
102400    99962   102404   2438             -4      -2442
102400   109995   102401  -7595             -1       7594
102400   100029   102416   2371            -16      -2387
204800   199973   204782   4827             18      -4809
102400   109995   102393  -7595              7       7602
102400   100037   102409   2363             -9      -2372
204800   199986   204804   4814             -4      -4818
102400   110015   102400  -7615                      7615
102400    99975   102399   2425              1      -2424
102400    99974   102401   2426             -1      -2427
204800   210075   204873  -5275            -73       5202
204800   199973   204735   4827             65      -4762
102400    99978   102427   2422            -27      -2449
102400   100017   102373   2383             27      -2356
102400   109979   102406  -7579             -6       7573
102400   100036   102395   2364              5      -2359
102400    99972   102416   2428            -16      -2444
102400    99989   102390   2411             10      -2401
102400   110022   102385  -7622             15       7637
102400    99959   102413   2441            -13      -2454
102400   100079   102386   2321             14      -2307
102400    99941   102406   2459             -6      -2465
102400   110159   102405  -7759             -5       7754
102400    99846   102419   2554            -19      -2573
204800   199997   204779   4803             21      -4782
102400   109988   102395  -7588              5       7593
102400    99998   102402   2402             -2      -2404
102420   100010   102423   2410             -3      -2413
102380    99990   102387   2390             -7      -2397
102400   110025   102413  -7625            -13       7612
102400    99980   102388   2420             12      -2408
204800   200003   204809   4797             -9      -4806
102400   110037   102412  -7637            -12       7625
102400    99991   102375   2409             25      -2384
102400   100027   102421   2373            -21      -2394
102400   104839   102387  -2439             13       2452
102522    95240   102549   7282            -27      -7309
102278   109944   102271  -7666              7       7673
102400   101633   102380    767             20       -747
102400    98305   102416   4095            -16      -4111
307200   310022   307181  -2822             19       2841
102400   100001   102399   2399              1      -2398
102400    99954   102398   2446              2      -2444
204800   210015   204814  -5215            -14       5201
204800   200005   204795   4795              5      -4790
102399   109984   102420  -7585            -21       7564
102401   100010   102379   2391             22      -2369
204800   200001   204799   4799              1      -4798
102400   110038   102398  -7638              2       7640
102400    99961   102406   2439             -6      -2445
102400    99996   102395   2404              5      -2399
102400    99998   102396   2402              4      -2398
102400   110109   102472  -7709            -72       7637
204800   199956   204767   4844             33      -4811
102400   100109   102370   2291             30      -2261
204800   209923   204807  -5123             -7       5116
102400    99955   102395   2445              5      -2440
102400    99996   102404   2404             -4      -2408
204800   210002   204806  -5202             -6       5196
102400    99965   102399   2435              1      -2434
102400    99977   102394   2423              6      -2417
102400   100000   102416   2400            -16      -2416
102400   110015   102381  -7615             19       7634
102400   100040   102407   2360             -7      -2367
102400    99955   102398   2445              2      -2443
102400   100030   102398   2370              2      -2368
102400   109973   102393  -7573              7       7580
102400   100021   102398   2379              2      -2377
102400   100003   102429   2397            -29      -2426
102400    99955   102376   2445             24      -2421
102528   110027   102531  -7499             -3       7496
204672   200039   204684   4633            -12      -4645
204800   210004   204850  -5204            -50       5154
102400    99971   102359   2429             41      -2388
204800   199984   204785   4816             15      -4801
102400   100072   102409   2328             -9      -2337
102400   109934   102406  -7534             -6       7528
204800   200643   204792   4157              8      -4149
102400    99347   102387   3053             13      -3040
102400   110018   102415  -7618            -15       7603
204800   200000   204797   4800              3      -4797
102506    99998   102502   2508              4      -2504
102294   109983   102309  -7689            -15       7674
102400    99996   102391   2404              9      -2395
102400    99999   102384   2401             16      -2385
102400    99996   102402   2404             -2      -2406
102400   109999   102402  -7599             -2       7597
102400   100008   102421   2392            -21      -2413
204800   200006   204813   4794            -13      -4807
204800   210028   204787  -5228             13       5241
102400    99965   102391   2435              9      -2426
102400    99995   102398   2405              2      -2403
102434   109999   102548  -7565           -114       7451
102366   100009   102261   2357            105      -2252
102400   100023   102395   2377              5      -2372
204800   200002   204799   4798              1      -4797
102400   109986   102408  -7586             -8       7578
102400    99981   102389   2419             11      -2408
102400   100000   102396   2400              4      -2396
102413    99976   102432   2437            -19      -2456
204787   210022   204782  -5235              5       5240
102400   100001   102393   2399              7      -2392
307200   310026   307203  -2826             -3       2823
102400    99977   102404   2423             -4      -2427
204800   210006   204799  -5206              1       5207
102400   100139   102417   2261            -17      -2278
102400    99872   102417   2528            -17      -2545
204800   210027   204826  -5227            -26       5201
102400    99967   102344   2433             56      -2377
102400    99976   102422   2424            -22      -2446
204800   210024   204832  -5224            -32       5192
102400   100024   102373   2376             27      -2349
102400    99997   102372   2403             28      -2375
204800   200066   204811   4734            -11      -4745
102400   110962   102389  -8562             11       8573
102400    98989   102409   3411             -9      -3420
102400   100198   102395   2202              5      -2197
102400    99832   102410   2568            -10      -2578
204800   209965   204801  -5165             -1       5164
204800   199955   204795   4845              5      -4840
102400   109995   102431  -7595            -31       7564
102428   100026   102406   2402             22      -2380
102372    99988   102367   2384              5      -2379
102400    99996   102393   2404              7      -2397
102400   109980   102423  -7580            -23       7557
102400   100017   102376   2383             24      -2359
102400   100001   102408   2399             -8      -2407
204800   210049   204836  -5249            -36       5213
102400    99956   102386   2444             14      -2430
102407   100005   102391   2402             16      -2386
102393    99985   102388   2408              5      -2403
102400   109999   102517  -7599           -117       7482
103868   100017   103753   3851            115      -3736
203332   199961   203322   3371             10      -3361
102501   100122   102504   2379             -3      -2382
102299   109900   102305  -7601             -6       7595
204800   200010   204799   4790              1      -4789
204800   209994   204800  -5194                      5194
102400   100054   102404   2346             -4      -2350
102484    99953   102519   2531            -35      -2566
102316    99993   102282   2323             34      -2289
102400   109992   102396  -7592              4       7596
204800   200010   204803   4790             -3      -4793
102400    99994   102392   2406              8      -2398
102400   109981   102401  -7581             -1       7580
102400   100025   102412   2375            -12      -2387
204800   199993   204794   4807              6      -4801
204800   210017   204799  -5217              1       5218
102400    99989   102418   2411            -18      -2429
102400   100010   102384   2390             16      -2374
102400   109965   102492  -7565            -92       7473
307200   300025   307118   7175             82      -7093
102400   100033   102389   2367             11      -2356
102400   110010   102435  -7610            -35       7575
102400   100013   102399   2387              1      -2386
102400    99958   102379   2442             21      -2421
104281   109959   104268  -5678             13       5691
100519   100028   100525    491             -6       -497
102400    99996   102400   2404                     -2404
102400    99999   102399   2401              1      -2400
102400   100039   102415   2361            -15      -2376
102400   110022   102389  -7622             11       7633
102400    99962   102405   2438             -5      -2443
102400   100018   102399   2382              1      -2381
204800   209970   204823  -5170            -23       5147
102400    99994   102380   2406             20      -2386
102400    99997   102401   2403             -1      -2404
204800   210000   204825  -5200            -25       5175
102400   100008   102385   2392             15      -2377
102400    99988   102400   2412                     -2412
102400   100004   102389   2396             11      -2385
102400   109987   102511  -7587           -111       7476
102400   100040   102303   2360             97      -2263
102400    99974   102412   2426            -12      -2438
102400    99998   102398   2402              2      -2400
102400   100044   102374   2356             26      -2330
102400   109959   102403  -7559             -3       7556
102400   100000   102402   2400             -2      -2402
102400   100192   102416   2208            -16      -2224
102400    99825   102389   2575             11      -2564
106955   110017   106952  -3062              3       3065
 97845    99988    97840  -2143              5       2148
102400   103397   102413   -997            -13        984
102400    96582   102416   5818            -16      -5834
102556   109998   102548  -7442              8       7450
102244   100013   102225   2231             19      -2212
102400    99986   102410   2414            -10      -2424
204800   210009   204835  -5209            -35       5174
102400   100000   102362   2400             38      -2362
102400    99997   102409   2403             -9      -2412
102441    99993   102432   2448              9      -2439
102359   110016   102454  -7657            -95       7562
204800   199994   204705   4806             95      -4711
102400   100003   102398   2397              2      -2395
102400   109991   102499  -7591            -99       7492
205199   200001   205110   5198             89      -5109
102761    99995   102748   2766             13      -2753
101640    99985   101640   1655                     -1655
102400   110024   102403  -7624             -3       7621
102524    99989   102525   2535             -1      -2536
102276   100031   102276   2245                     -2245
102400    99987   102411   2413            -11      -2424
102400   109988   102393  -7588              7       7595
102415   100036   102441   2379            -26      -2405
102385    99969   102369   2416             16      -2400
102400    99982   102403   2418             -3      -2421
102400   110071   102397  -7671              3       7674
102400    99962   102420   2438            -20      -2458
102400    99983   102397   2417              3      -2414
102400    99970   102378   2430             22      -2408
102400   110015   102421  -7615            -21       7594
102400    99988   102384   2412             16      -2396
102400   100075   102398   2325              2      -2323
102400    99951   102423   2449            -23      -2472
103848   110006   103839  -6158              9       6167
100952   100015   100956    937             -4       -941
102400    99983   102402   2417             -2      -2419
102400    99967   102384   2433             16      -2417
102400   110053   102475  -7653            -75       7578
102400    99973   102345   2427             55      -2372
102400   100006   102396   2394              4      -2390
102541    99978   102512   2563             29      -2534
102259   100113   102270   2146            -11      -2157
102400   109879   102396  -7479              4       7483
102400   100072   102423   2328            -23      -2351
307200   309961   307201  -2761             -1       2760
102405   100015   102398   2390              7      -2383
204795   199958   204783   4837             12      -4825
204800   210048   204818  -5248            -18       5230
102509   100422   102497   2087             12      -2075
102291    99621   102323   2670            -32      -2702
102400   109946   102401  -7546             -1       7545
102400    99989   102395   2411              5      -2406
102400   100026   102379   2374             21      -2353
204800   210005   204845  -5205            -45       5160
102700    99962   102685   2738             15      -2723
102100   100019   102072   2081             28      -2053
102400    99974   102393   2426              7      -2419
102499   110002   102583  -7503            -84       7419
102301   102376   102232    -75             69        144
102400    97689   102435   4711            -35      -4746
102401   100183   102357   2218             44      -2174
102872   109801   102920  -6929            -48       6881
101927    99967   101877   1960             50      -1910
102400   100027   102437   2373            -37      -2410
102400    99969   102360   2431             40      -2391
102400   100000   102404   2400             -4      -2404
102400   110004   102400  -7604                      7604
204800   199988   204835   4812            -35      -4847
102400   100013   102367   2387             33      -2354
102400   110007   102427  -7607            -27       7580
102400    99989   102393   2411              7      -2404
204800   199996   204787   4804             13      -4791
102400   109998   102427  -7598            -27       7571
102400   100709   102371   1691             29      -1662
204800   199291   204814   5509            -14      -5523
102400   109995   102456  -7595            -56       7539
102400    99999   102330   2401             70      -2331
102400    99976   102393   2424              7      -2417
102400   100029   102400   2371                     -2371
102400   109996   102409  -7596             -9       7587
102400   100004   102390   2396             10      -2386
102400    99999   102420   2401            -20      -2421
102400    99996   102387   2404             13      -2391
102400   100040   102405   2360             -5      -2365
102400   109943   102398  -7543              2       7545
102400   100018   102402   2382             -2      -2384
102400   100012   102400   2388                     -2388
103125   109997   103181  -6872            -56       6816
101675    99992   101614   1683             61      -1622
102425    99985   102431   2440             -6      -2446
204775   200039   204797   4736            -22      -4758
102400   110166   102380  -7766             20       7786
204800   199864   204845   4936            -45      -4981
102400   100002   102370   2398             30      -2368
102400   110098   102409  -7698             -9       7689
102504    99865   102488   2639             16      -2623
102296   100014   102329   2282            -33      -2315
102400    99970   102363   2430             37      -2393
102400   109983   102423  -7583            -23       7560
102400   100082   102376   2318             24      -2294
104444    99950   104457   4494            -13      -4507
100356    99987   100373    369            -17       -386
102400   109996   102433  -7596            -33       7563
102400   100016   102341   2384             59      -2325
102400    99994   102402   2406             -2      -2408
102605   100014   102607   2591             -2      -2593
102195   100088   102231   2107            -36      -2143
102400   109960   102397  -7560              3       7563
204800   200406   204808   4394             -8      -4402
102400    99519   102366   2881             34      -2847
102400   110010   102413  -7610            -13       7597
102400   100008   102392   2392              8      -2384
102400   100055   102390   2345             10      -2335
103202    99958   103198   3244              4      -3240
101598   109997   101598  -8399                      8399
102401    99984   102428   2417            -27      -2444
204799   199987   204772   4812             27      -4785
102400   110020   102393  -7620              7       7627
102400    99973   102408   2427             -8      -2435
102400   100005   102404   2395             -4      -2399
102400   100005   102423   2395            -23      -2418
102400   110016   102448  -7616            -48       7568
102399   100106   102336   2293             63      -2230
102401    99950   102406   2451             -5      -2456
102400    99978   102393   2422              7      -2415
102400   109975   102427  -7575            -27       7548
102400   101141   102416   1259            -16      -1275
102400    98852   102387   3548             13      -3535
204800   200082   204777   4718             23      -4695
102400   109964   102411  -7564            -11       7553
102400    99943   102401   2457             -1      -2458
102400   100021   102386   2379             14      -2365
102400    99983   102400   2417                     -2417
103009   110000   103008  -6991              1       6992
204191   199996   204211   4195            -20      -4215
102400   100010   102414   2390            -14      -2404
102400   110002   102369  -7602             31       7633
102443   100250   102459   2193            -16      -2209
102357    99744   102373   2613            -16      -2629
102400   100044   102369   2356             31      -2325
102400   109952   102396  -7552              4       7556
102400    99992   102396   2408              4      -2404
102400   100012   102400   2388                     -2388
102400   100015   102413   2385            -13      -2398
102400   109995   102446  -7595            -46       7549
102589    99967   102541   2622             48      -2574
102211   100310   102209   1901              2      -1899
102400    99704   102397   2696              3      -2693
102400   110079   102486  -7679            -86       7593
307200   299931   307129   7269             71      -7198
102400    99991   102395   2409              5      -2404
204800   210015   204825  -5215            -25       5190
102400    99990   102369   2410             31      -2379
102400   100010   102403   2390             -3      -2393
102400   110040   102416  -7640            -16       7624
102400    99998   102415   2402            -15      -2417
102400    99984   102376   2416             24      -2392
102490    99986   102493   2504             -3      -2507
102403   110127   102398  -7724              5       7729
102307    99860   102323   2447            -16      -2463
102400   100028   102380   2372             20      -2352
204800   209977   204808  -5177             -8       5169
102400    99984   102392   2416              8      -2408
102400   101020   102423   1380            -23      -1403
204800   209060   204807  -4260             -7       4253
204800   199961   204784   4839             16      -4823
204800   209973   204870  -5173            -70       5103
102400   100043   102332   2357             68      -2289
204800   199945   204794   4855              6      -4849
102400   100070   102415   2330            -15      -2345
102400   109976   102409  -7576             -9       7567
204800   199960   204784   4840             16      -4824
102400   100061   102394   2339              6      -2333
204800   209944   204796  -5144              4       5148
102400   103661   102401  -1261             -1       1260
102400    96342   102427   6058            -27      -6085
102400   110115   102379  -7715             21       7736
102400   100331   102449   2069            -49      -2118
204800   199553   204761   5247             39      -5208
102400   110015   102392  -7615              8       7623
102400    99988   102392   2412              8      -2404
102400   102728   102406   -328             -6        322
102400    97288   102420   5112            -20      -5132
102400   110061   102372  -7661             28       7689
102400    99923   102417   2477            -17      -2494
307200   309994   307247  -2794            -47       2747
102400   100054   102347   2346             53      -2293
102400    99962   102400   2438                     -2438
102400    99995   102396   2405              4      -2401
102400   100044   102398   2356              2      -2354
102400   109993   102404  -7593             -4       7589
102400    99997   102448   2403            -48      -2451
102400    99988   102362   2412             38      -2374
204800   210026   204818  -5226            -18       5208
102400    99939   102379   2461             21      -2440
102400    99995   102401   2405             -1      -2406
102400    99993   102396   2407              4      -2403
102400   110014   102426  -7614            -26       7588
204800   202770   204776   2030             24      -2006
102400    97406   102406   4994             -6      -5000
102400   109886   102395  -7486              5       7491
102400    99945   102438   2455            -38      -2493
102400   100044   102366   2356             34      -2322
102400    99935   102403   2465             -3      -2468
102400   110035   102396  -7635              4       7639
204800   202152   204795   2648              5      -2643
102400    97819   102430   4581            -30      -4611
204800   210039   204771  -5239             29       5268
102400    99956   102448   2444            -48      -2492
102407   100000   102373   2407             34      -2373
102393   100072   102384   2321              9      -2312
102400   109932   102393  -7532              7       7539
